%YAML:1.0
---
R: !!opencv-matrix
   rows: 3
   cols: 3
   dt: d
   data: [ 9.9999898904089224e-01, 5.8549084345004225e-05,
       -1.4207354427572267e-03, -5.8968771965989574e-05,
       9.9999995464211022e-01, -2.9536157753410746e-04,
       1.4207180851657497e-03, 2.9544505795997842e-04,
       9.9999894713561588e-01 ]
T: !!opencv-matrix
   rows: 3
   cols: 1
   dt: d
   data: [ -1.1954469078417486e+02, 7.1853651903534044e-02,
       -5.1337487237910928e-01 ]
Rl: !!opencv-matrix
   rows: 3
   cols: 3
   dt: d
   data: [ 9.9999572407627879e-01, -5.4123803962695209e-04,
       2.8738285515245692e-03, 5.4166293447842557e-04,
       9.9999984248531470e-01, -1.4707349009958112e-04,
       -2.8737484970869070e-03, 1.4862950763096228e-04,
       9.9999585973085159e-01 ]
Rr: !!opencv-matrix
   rows: 3
   cols: 3
   dt: d
   data: [ 9.9999059848242289e-01, -6.0105535342892119e-04,
       4.2943776298772982e-03, 6.0042041451898950e-04,
       9.9999980862609206e-01, 1.4914122648330763e-04,
       -4.2944664501780635e-03, -1.4656139233281375e-04,
       9.9999076799621833e-01 ]
Pl: !!opencv-matrix
   rows: 3
   cols: 4
   dt: d
   data: [ 3.6645489728065479e+02, 0., 4.5486550521850586e+02, 0., 0.,
       3.6645489728065479e+02, 2.2506680870056152e+02, 0., 0., 0., 1.,
       0. ]
Pr: !!opencv-matrix
   rows: 3
   cols: 4
   dt: d
   data: [ 3.6645489728065479e+02, 0., 4.5486550521850586e+02,
       -4.3808149244847598e+04, 0., 3.6645489728065479e+02,
       2.2506680870056152e+02, 0., 0., 0., 1., 0. ]
Q: !!opencv-matrix
   rows: 4
   cols: 4
   dt: d
   data: [ 1., 0., 0., -4.5486550521850586e+02, 0., 1., 0.,
       -2.2506680870056152e+02, 0., 0., 0., 3.6645489728065479e+02, 0.,
       0., 8.3649938104553602e-03, 0. ]
