%YAML:1.0
---
cameraMatrixL: !!opencv-matrix
   rows: 3
   cols: 3
   dt: d
   data: [ 3.6761297559723909e+02, 0., 4.6149431666933054e+02, 0.,
       3.6761261483243516e+02, 2.2500713947795379e+02, 0., 0., 1. ]
cameraDistcoeffL: !!opencv-matrix
   rows: 5
   cols: 1
   dt: d
   data: [ -2.1389090968126270e-03, -2.8421795347123710e-03,
       6.3881216592350318e-05, -7.6105111616191776e-04,
       2.0202190322025442e-03 ]
cameraMatrixR: !!opencv-matrix
   rows: 3
   cols: 3
   dt: d
   data: [ 3.6692606128226470e+02, 0., 4.6174667839504940e+02, 0.,
       3.6710262956825835e+02, 2.2480948809143567e+02, 0., 0., 1. ]
cameraDistcoeffR: !!opencv-matrix
   rows: 5
   cols: 1
   dt: d
   data: [ 3.4499785915445867e-04, -9.2519722864621047e-03,
       -5.5046473817532368e-04, -6.8986095981438166e-04,
       7.9757997559479626e-03 ]
